0.082919
0.036348
0.022296
0.015831
0.012175
0.009845
0.008238
0.007067
0.006178
0.005482
0.004922
0.004462
0.004079
0.003755
0.003477
0.003236
0.003025
0.002840
0.002675
0.002528
0.002396
0.002276
0.002168
0.002069
0.001979
0.001896
0.001819
0.001749
0.001683
0.001622
0.001566
0.001513
0.001463
0.001416
0.001373
0.001331
0.001293
0.001256
0.001221
0.001188
0.001157
0.001128
0.001099
0.001073
0.001047
0.001023
0.000999
0.000977
0.000956
0.000935
0.000915
0.000897
0.000879
0.000861
0.000844
0.000828
0.000813
0.000798
0.000783
0.000770
0.000756
0.000743
0.000731
0.000718
0.000707
0.000695
0.000684
0.000674
0.000663
0.000653
0.000643
0.000634
0.000625
0.000616
0.000607
0.000599
0.000590
0.000582
0.000574
0.000567
0.000559
0.000552
0.000545
0.000538
0.000532
0.000525
0.000519
0.000512
0.000506
0.000500
0.000495
0.000489
0.000483
0.000478
0.000473
0.000467
0.000462
0.000457
0.000453
0.000448
0.000443
0.000438
0.000434
0.000430
0.000425
0.000421
0.000417
0.000413
0.000409
0.000405
0.000401
0.000397
0.000394
0.000390
0.000386
0.000383
0.000380
0.000376
0.000373
0.000370
0.000366
0.000363
0.000360
0.000357
0.000354
0.000351
0.000348
0.000345
0.000343
0.000340
0.000337
0.000334
0.000332
0.000329
0.000327
0.000324
0.000322
0.000319
0.000317
0.000314
0.000312
0.000310
0.000307
0.000305
0.000303
0.000301
0.000299
0.000297
0.000294
0.000292
0.000290
0.000288
0.000286
0.000284
0.000283
0.000281
0.000279
0.000277
0.000275
0.000273
0.000272
0.000270
0.000268
0.000266
0.000265
0.000263
0.000261
0.000260
0.000258
0.000257
0.000255
0.000253
0.000252
0.000250
0.000249
0.000247
0.000246
0.000244
0.000243
0.000242
0.000240
0.000239
0.000238
0.000236
0.000235
0.000234
0.000232
0.000231
0.000230
0.000228
0.000227
0.000226
0.000225
0.000223
0.000222
0.000221
0.000220
0.000219
0.000218
0.000216
0.000215
0.000214
0.000213
0.000212
0.000211
0.000210
0.000209
0.000208
0.000207
0.000206
0.000205
0.000204
0.000203
0.000202
0.000201
0.000200
0.000199
0.000198
0.000197
0.000196
0.000195
0.000194
0.000193
0.000192
0.000191
0.000191
0.000190
0.000189
0.000188
0.000187
0.000186
0.000185
0.000185
0.000184
0.000183
0.000182
0.000181
0.000181
0.000180
0.000179
0.000178
0.000178
0.000177
0.000176
0.000175
0.000175
0.000174
0.000173
0.000172
0.000172
0.000171
0.000170
0.000169
0.000169
0.000168
0.000167
0.000167
0.000166
0.000165
0.000165
0.000164
0.000163
0.000163
0.000162
0.000162
0.000161
0.000160
0.000160
0.000159
0.000158
0.000158
0.000157
0.000157
0.000156
0.000155
0.000155
0.000154
0.000154
0.000153
0.000153
0.000152
0.000151
0.000151
0.000150
0.000150
0.000149
0.000149
0.000148
0.000148
0.000147
0.000147
0.000146
0.000146
0.000145
0.000145
0.000144
0.000143
0.000143
0.000142
0.000142
0.000142
0.000141
0.000141
0.000140
0.000140
0.000139
0.000139
0.000138
0.000138
0.000137
0.000137
0.000136
0.000136
0.000135
0.000135
0.000135
0.000134
0.000134
0.000133
0.000133
0.000132
0.000132
0.000132
0.000131
0.000131
0.000130
0.000130
0.000129
0.000129
0.000129
0.000128
0.000128
0.000127
0.000127
0.000127
0.000126
0.000126
0.000125
0.000125
0.000125
0.000124
0.000124
0.000124
0.000123
0.000123
0.000122
0.000122
0.000122
0.000121
0.000121
0.000121
0.000120
0.000120
0.000120
0.000119
0.000119
0.000119
0.000118
0.000118
0.000118
0.000117
0.000117
0.000117
0.000116
0.000116
0.000116
0.000115
0.000115
0.000115
0.000114
0.000114
0.000114
0.000113
0.000113
0.000113
0.000112
0.000112
0.000112
0.000111
0.000111
0.000111
0.000111
0.000110
0.000110
0.000110
0.000109
0.000109
0.000109
0.000109
0.000108
0.000108
0.000108
0.000107
0.000107
0.000107
0.000107
0.000106
0.000106
0.000106
0.000105
0.000105
0.000105
0.000105
0.000104
0.000104
0.000104
0.000104
0.000103
0.000103
0.000103
0.000103
0.000102
0.000102
0.000102
0.000101
0.000101
0.000101
0.000101
0.000100
0.000100
0.000100
0.000100
0.000099
0.000099
0.000099
0.000099
0.000099
0.000098
0.000098
0.000098
0.000098
0.000097
0.000097
0.000097
0.000097
0.000096
0.000096
0.000096
0.000096
0.000096
0.000095
0.000095
0.000095
0.000095
0.000094
0.000094
0.000094
0.000094
0.000094
0.000093
0.000093
0.000093
0.000093
0.000092
0.000092
0.000092
0.000092
0.000092
0.000091
0.000091
0.000091
0.000091
0.000091
0.000090
0.000090
0.000090
0.000090
0.000090
0.000089
0.000089
0.000089
0.000089
0.000089
0.000088
0.000088
0.000088
0.000088
0.000088
0.000088
0.000087
0.000087
0.000087
0.000087
0.000087
0.000086
0.000086
0.000086
0.000086
0.000086
0.000085
0.000085
0.000085
0.000085
0.000085
0.000085
0.000084
0.000084
0.000084
0.000084
0.000084
0.000084
0.000083
0.000083
0.000083
0.000083
0.000083
0.000083
0.000082
0.000082
0.000082
0.000082
0.000082
0.000082
0.000081
0.000081
0.000081
0.000081
0.000081
0.000081
0.000080
0.000080
0.000080
0.000080
0.000080
0.000080
0.000079
0.000079
0.000079
0.000079
0.000079
0.000079
0.000079
0.000078
0.000078
0.000078
0.000078
0.000078
0.000078
0.000077
0.000077
0.000077
0.000077
0.000077
0.000077
0.000077
0.000076
0.000076
0.000076
0.000076
0.000076
0.000076
0.000076
0.000075
0.000075
0.000075
0.000075
0.000075
0.000075
0.000075
0.000074
0.000074
0.000074
0.000074
0.000074
0.000074
0.000074
0.000074
0.000073
0.000073
0.000073
0.000073
0.000073
0.000073
0.000073
0.000072
0.000072
0.000072
0.000072
0.000072
0.000072
0.000072
0.000072
0.000071
0.000071
0.000071
0.000071
0.000071
0.000071
0.000071
0.000071
0.000070
0.000070
0.000070
0.000070
0.000070
0.000070
0.000070
0.000070
0.000069
0.000069
0.000069
0.000069
0.000069
0.000069
0.000069
0.000069
0.000069
0.000068
0.000068
0.000068
0.000068
0.000068
0.000068
0.000068
0.000068
0.000068
0.000067
0.000067
0.000067
0.000067
0.000067
0.000067
0.000067
0.000067
0.000067
0.000066
0.000066
0.000066
0.000066
0.000066
0.000066
0.000066
0.000066
0.000066
0.000065
0.000065
0.000065
0.000065
0.000065
0.000065
0.000065
0.000065
0.000065
0.000065
0.000064
0.000064
0.000064
0.000064
0.000064
0.000064
0.000064
0.000064
0.000064
0.000063
0.000063
0.000063
0.000063
0.000063
0.000063
0.000063
0.000063
0.000063
0.000063
0.000063
0.000062
0.000062
0.000062
0.000062
0.000062
0.000062
0.000062
0.000062
0.000062
0.000062
0.000061
0.000061
0.000061
0.000061
0.000061
0.000061
0.000061
0.000061
0.000061
0.000061
0.000061
0.000060
0.000060
0.000060
0.000060
0.000060
0.000060
0.000060
0.000060
0.000060
0.000060
0.000060
0.000059
0.000059
0.000059
0.000059
0.000059
0.000059
0.000059
0.000059
0.000059
0.000059
0.000059
0.000059
0.000058
0.000058
0.000058
0.000058
0.000058
0.000058
0.000058
0.000058
0.000058
0.000058
0.000058
0.000058
0.000057
0.000057
0.000057
0.000057
0.000057
0.000057
0.000057
0.000057
0.000057
0.000057
0.000057
0.000057
0.000056
0.000056
0.000056
0.000056
0.000056
0.000056
0.000056
0.000056
0.000056
0.000056
0.000056
0.000056
0.000056
0.000055
0.000055
0.000055
0.000055
0.000055
0.000055
0.000055
0.000055
0.000055
0.000055
0.000055
0.000055
0.000055
0.000054
0.000054
0.000054
0.000054
0.000054
0.000054
0.000054
0.000054
0.000054
0.000054
0.000054
0.000054
0.000054
0.000054
0.000053
0.000053
0.000053
0.000053
0.000053
0.000053
0.000053
0.000053
0.000053
0.000053
0.000053
0.000053
0.000053
0.000053
0.000052
0.000052
0.000052
0.000052
0.000052
0.000052
0.000052
0.000052
0.000052
0.000052
0.000052
0.000052
0.000052
0.000052
0.000052
0.000051
0.000051
0.000051
0.000051
0.000051
0.000051
0.000051
0.000051
0.000051
0.000051
0.000051
0.000051
0.000051
0.000051
0.000051
0.000051
0.000050
0.000050
0.000050
0.000050
0.000050
0.000050
0.000050
0.000050
0.000050
0.000050
0.000050
0.000050
0.000050
0.000050
0.000050
0.000050
0.000049
0.000049
0.000049
0.000049
0.000049
0.000049
0.000049
0.000049
0.000049
0.000049
0.000049
0.000049
0.000049
0.000049
0.000049
0.000049
0.000048
0.000048
0.000048
0.000048
0.000048
0.000048
0.000048
0.000048
0.000048
0.000048
0.000048
0.000048
0.000048
0.000048
0.000048
0.000048
0.000048
0.000048
0.000047
0.000047
0.000047
0.000047
0.000047
0.000047
0.000047
0.000047
0.000047
0.000047
0.000047
0.000047
0.000047
0.000047
0.000047
0.000047
0.000047
0.000047
0.000046
0.000046
0.000046
0.000046
0.000046
0.000046
0.000046
0.000046
0.000046
0.000046
0.000046
0.000046
0.000046
0.000046
0.000046
0.000046
0.000046
0.000046
0.000046
0.000045
0.000045
0.000045
0.000045
0.000045
0.000045
0.000045
0.000045
0.000045
0.000045
0.000045
0.000045
0.000045
0.000045
0.000045
0.000045
0.000045
0.000045
0.000045
0.000045
0.000044
0.000044
0.000044
0.000044
0.000044
0.000044
0.000044
0.000044
0.000044
0.000044
0.000044
0.000044
0.000044
0.000044
0.000044
0.000044
0.000044
0.000044
0.000044
0.000044
0.000043
0.000043
0.000043
0.000043
0.000043
0.000043
0.000043
0.000043
0.000043
0.000043
0.000043
0.000043
0.000043
0.000043
0.000043
0.000043
0.000043
0.000043
0.000043
0.000043
0.000043
0.000043
0.000042
0.000042
0.000042
0.000042
0.000042
0.000042
0.000042
0.000042
0.000042
0.000042
0.000042
0.000042
0.000042
0.000042
0.000042
0.000042
0.000042
0.000042
0.000042
0.000042
0.000042
0.000042
0.000042
0.000041
0.000041
0.000041
0.000041
0.000041
0.000041
0.000041
0.000041
0.000041
0.000041
0.000041
